12
5
14
12
20
4
17
5
10
13
0
19
16
2
17
15
6
9
20
0
18
8
13
13
4
6
7
5
8
2
10
12
3
3
12
16
14
18
10
2
17
11
17
8
16
16
7
5
12
9
18
3
11
14
9
3
16
14
8
16
4
19
8
19
2
18
10
14
10
5
0
10
6
20
19
10
8
19
5
2
15
15
9
19
8
6
7
20
11
20
10
8
5
18
1
16
11
20
2
15
11
11
15
8
5
9
5
3
3
14
7
10
20
16
3
5
13
16
4
17
13
1
20
15
5
18
4
13
5
3
17
2
14
16
8
2
17
2
18
11
11
9
3
2
18
4
1
11
12
16
15
9
4
15
15
4
1
8
2
3
11
4
12
1
6
14
12
6
18
0
12
17
15
7
5
7
12
8
5
19
9
17
1
17
20
4
11
12
18
16
16
14
8
0
7
10
19
7
2
2